T/R 	1         	2         	3         	4         	5         	6         	7         	8         	9         	10        	11        	12        	13        	14        	15        	16        	17        	18        	19        	20        	21        	22        	23        	24
0   	    0.0000000000	    0.0000000000	    0.0000000000	    0.0000000000	    0.0000000000	    0.0000000000	    0.0000000000	    0.0000000000	    0.0000000000	    0.0000000000	    0.0000000000	    0.0000000000	    0.0000000000	    0.0000000000	    0.0000000000	    0.0000000000	    0.0000000000	    0.0000000000	    0.0000000000	    0.0000000000	    0.0000000000	    0.0000000000	    0.0000000000	    0.0000000000
1   	    0.0000000000	    0.0000000000	    0.0000000000	    0.0000000000	    0.0000000000	    0.0000000000	    0.0000000000	    0.0000000000	    0.0000000000	    0.0000000000	    0.0000000000	    0.0000000000	    0.0000000000	    0.0000000000	    0.0000000000	    0.0000000000	    0.0000000000	    0.0000000000	    0.0000000000	    0.0000000000	    0.0000000000	    0.0000000000	    0.0000000000	    0.0000000000
2   	    0.0000000000	    0.0000000000	    0.0000000000	    0.0000000000	    0.0000000000	    0.0000000000	    0.0000000000	    0.0000000000	    0.0000000000	    0.0000000000	    0.0000000000	    0.0000000000	    0.0000000000	    0.0000000000	    0.0000000000	    0.0000000000	    0.0000000000	    0.0000000000	    0.0000000000	    0.0000000000	    0.0000000000	    0.0000000000	    0.0000000000	    0.0000000000
3   	    0.0000000000	    0.0000000000	    0.0000000000	    0.0000000000	    0.0000000000	    0.0000000000	    0.0000000000	    0.0000000000	    0.0000000000	    0.0000000000	    0.0000000000	    0.0000000000	    0.0000000000	    0.0000000000	    0.0000000000	    0.0000000000	    0.0000000000	    0.0000000000	    0.0000000000	    0.0000000000	    0.0000000000	    0.0000000000	    0.0000000000	    0.0000000000
4   	    0.0000000000	    0.0000000000	    0.0000000000	    0.0000000000	    0.0000000000	    0.0000000000	    0.0000000000	    0.0000000000	    0.0000000000	    0.0000000000	    0.0000000000	    0.0000000000	    0.0000000000	    0.0000000000	    0.0000000000	    0.0000000000	    0.0000000000	    0.0000000000	    0.0000000000	    0.0000000000	    0.0000000000	    0.0000000000	    0.0000000000	    0.0000000000
5   	    0.0000000000	    0.0000000000	    0.0000000000	    0.0000000000	    0.0000000000	    0.0000000000	    0.0000000000	    0.0000000000	    0.0000000000	    0.0000000000	    0.0000000000	    0.0000000000	    0.0000000000	    0.0000000000	    0.0000000000	    0.0000000000	    0.0000000000	    0.0000000000	    0.0000000000	    0.0000000000	    0.0000000000	    0.0000000000	    0.0000000000	    0.0000000000
6   	    0.0000000000	    0.0000000000	    0.0000000000	    0.0000000000	    0.0000000000	    0.0000000000	    0.0000000000	    0.0000000000	    0.0000000000	    0.0000000000	    0.0000000000	    0.0000000000	    0.0000000000	    0.0000000000	    0.0000000000	    0.0000000000	    0.0000000000	    0.0000000000	    0.0000000000	    0.0000000000	    0.0000000000	    0.0000000000	    0.0000000000	    0.0000000000
7   	    0.0000000000	    0.0000000000	    0.0000000000	    0.0000000000	    0.0000000000	    0.0000000000	    0.0000000000	    0.0000000000	    0.0000000000	    0.0000000000	    0.0000000000	    0.0000000000	    0.0000000000	    0.0000000000	    0.0000000000	    0.0000000000	    0.0000000000	    0.0000000000	    0.0000000000	    0.0000000000	    0.0000000000	    0.0000000000	    0.0000000000	    0.0000000000
8   	    0.0000000000	    0.0000000000	    0.0000000000	    0.0000000000	    0.0000000000	    0.0000000000	    0.0000000000	    0.0000000000	    0.0000000000	    0.0000000000	    0.0000000000	    0.0000000000	    0.0000000000	    0.0000000000	    0.0000000000	    0.0000000000	    0.0000000000	    0.0000000000	    0.0000000000	    0.0000000000	    0.0000000000	    0.0000000000	    0.0000000000	    0.0000000000
9   	    0.0000000000	    0.0000000000	    0.0000000000	    0.0000000000	    0.0000000000	    0.0000000000	    0.0000000000	    0.0000000000	    0.0000000000	    0.0000000000	    0.0000000000	    0.0000000000	    0.0000000000	    0.0000000000	    0.0000000000	    0.0000000000	    0.0000000000	    0.0000000000	    0.0000000000	    0.0000000000	    0.0000000000	    0.0000000000	    0.0000000000	    0.0000000000
10  	    0.0000000000	    0.0000000000	    0.0000000000	    0.0000000000	    0.0000000000	    0.0000000000	    0.0000000000	    0.0000000000	    0.0000000000	    0.0000000000	    0.0000000000	    0.0000000000	    0.0000000000	    0.0000000000	    0.0000000000	    0.0000000000	    0.0000000000	    0.0000000000	    0.0000000000	    0.0000000000	    0.0000000000	    0.0000000000	    0.0000000000	    0.0000000000
11  	    0.0000000000	    0.0000000000	    0.0000000000	    0.0000000000	    0.0000000000	    0.0000000000	    0.0000000000	    0.0000000000	    0.0000000000	    0.0000000000	    0.0000000000	    0.0000000000	    0.0000000000	    0.0000000000	    0.0000000000	    0.0000000000	    0.0000000000	    0.0000000000	    0.0000000000	    0.0000000000	    0.0000000000	    0.0000000000	    0.0000000000	    0.0000000000
12  	    0.0000000000	    0.0000000000	    0.0000000000	    0.0000000000	    0.0000000000	    0.0000000000	    0.0000000000	    0.0000000000	    0.0000000000	    0.0000000000	    0.0000000000	    0.0000000000	    0.0000000000	    0.0000000000	    0.0000000000	    0.0000000000	    0.0000000000	    0.0000000000	    0.0000000000	    0.0000000000	    0.0000000000	    0.0000000000	    0.0000000000	    0.0000000000
13  	    0.0000000000	    0.0000000000	    0.0000000000	    0.0000000000	    0.0000000000	    0.0000000000	    0.0000000000	    0.0000000000	    0.0000000000	    0.0000000000	    0.0000000000	    0.0000000000	    0.0000000000	    0.0000000000	    0.0000000000	    0.0000000000	    0.0000000000	    0.0000000000	    0.0000000000	    0.0000000000	    0.0000000000	    0.0000000000	    0.0000000000	    0.0000000000
14  	    0.0000000000	    0.0000000000	    0.0000000000	    0.0000000000	    0.0000000000	    0.0000000000	    0.0000000000	    0.0000000000	    0.0000000000	    0.0000000000	    0.0000000000	    0.0000000000	    0.0000000000	    0.0000000000	    0.0000000000	    0.0000000000	    0.0000000000	    0.0000000000	    0.0000000000	    0.0000000000	    0.0000000000	    0.0000000000	    0.0000000000	    0.0000000000
15  	    0.0000000000	    0.0000000000	    0.0000000000	    0.0000000000	    0.0000000000	    0.0000000000	    0.0000000000	    0.0000000000	    0.0000000000	    0.0000000000	    0.0000000000	    0.0000000000	    0.0000000000	    0.0000000000	    0.0000000000	    0.0000000000	    0.0000000000	    0.0000000000	    0.0000000000	    0.0000000000	    0.0000000000	    0.0000000000	    0.0000000000	    0.0000000000
16  	    0.0000000000	    0.0000000000	    0.0000000000	    0.0000000000	    0.0000000000	    0.0000000000	    0.0000000000	    0.0000000000	    0.0000000000	    0.0000000000	    0.0000000000	    0.0000000000	    0.0000000000	    0.0000000000	    0.0000000000	    0.0000000000	    0.0000000000	    0.0000000000	    0.0000000000	    0.0000000000	    0.0000000000	    0.0000000000	    0.0000000000	    0.0000000000
17  	    0.0000000000	    0.0000000000	    0.0000000000	    0.0000000000	    0.0000000000	    0.0000000000	    0.0000000000	    0.0000000000	    0.0000000000	    0.0000000000	    0.0000000000	    0.0000000000	    0.0000000000	    0.0000000000	    0.0000000000	    0.0000000000	    0.0000000000	    0.0000000000	    0.0000000000	    0.0000000000	    0.0000000000	    0.0000000000	    0.0000000000	    0.0000000000
18  	    0.0000000000	    0.0000000000	    0.0000000000	    0.0000000000	    0.0000000000	    0.0000000000	    0.0000000000	    0.0000000000	    0.0000000000	    0.0000000000	    0.0000000000	    0.0000000000	    0.0000000000	    0.0000000000	    0.0000000000	    0.0000000000	    0.0000000000	    0.0000000000	    0.0000000000	    0.0000000000	    0.0000000000	    0.0000000000	    0.0000000000	    0.0000000000
19  	    0.0000000000	    0.0000000000	    0.0000000000	    0.0000000000	    0.0000000000	    0.0000000000	    0.0000000000	    0.0000000000	    0.0000000000	    0.0000000000	    0.0000000000	    0.0000000000	    0.0000000000	    0.0000000000	    0.0000000000	    0.0000000000	    0.0000000000	    0.0000000000	    0.0000000000	    0.0000000000	    0.0000000000	    0.0000000000	    0.0000000000	    0.0000000565
20  	    0.0000000000	    0.0000000000	    0.0000000000	    0.0000000000	    0.0000000000	    0.0000000000	    0.0000000000	    0.0000000000	    0.0000000000	    0.0000000000	    0.0000000000	    0.0000000000	    0.0000000000	    0.0000000000	    0.0000000000	    0.0000000000	    0.0000000000	    0.0000000000	    0.0000000000	    0.0000000000	    0.0000000000	    0.0000000000	    0.0000000000	    0.0000000568
21  	    0.0000000000	    0.0000000000	    0.0000000000	    0.0000000000	    0.0000000000	    0.0000000000	    0.0000000000	    0.0000000000	    0.0000000000	    0.0000000000	    0.0000000000	    0.0000000000	    0.0000000000	    0.0000000000	    0.0000000000	    0.0000000000	    0.0000000000	    0.0000000000	    0.0000000000	    0.0000000000	    0.0000000000	    0.0000000000	    0.0000000000	    0.0000000572
22  	    0.0000000000	    0.0000000000	    0.0000000000	    0.0000000000	    0.0000000000	    0.0000000000	    0.0000000000	    0.0000000000	    0.0000000000	    0.0000000000	    0.0000000000	    0.0000000000	    0.0000000000	    0.0000000000	    0.0000000000	    0.0000000000	    0.0000000000	    0.0000000000	    0.0000000000	    0.0000000000	    0.0000000000	    0.0000000000	    0.0000000000	    0.0000000575
23  	    0.0000000000	    0.0000000000	    0.0000000000	    0.0000000000	    0.0000000000	    0.0000000000	    0.0000000000	    0.0000000000	    0.0000000000	    0.0000000000	    0.0000000000	    0.0000000000	    0.0000000000	    0.0000000000	    0.0000000000	    0.0000000000	    0.0000000000	    0.0000000000	    0.0000000000	    0.0000000000	    0.0000000000	    0.0000000000	    0.0000000000	    0.0000000578
24  	    0.0000000000	    0.0000000000	    0.0000000000	    0.0000000000	    0.0000000000	    0.0000000000	    0.0000000000	    0.0000000000	    0.0000000000	    0.0000000000	    0.0000000000	    0.0000000000	    0.0000000000	    0.0000000000	    0.0000000000	    0.0000000000	    0.0000000000	    0.0000000000	    0.0000000000	    0.0000000000	    0.0000000000	    0.0000000000	    0.0000000000	    0.0000000581
25  	    0.0000000000	    0.0000000000	    0.0000000000	    0.0000000000	    0.0000000000	    0.0000000000	    0.0000000000	    0.0000000000	    0.0000000000	    0.0000000000	    0.0000000000	    0.0000000000	    0.0000000000	    0.0000000000	    0.0000000000	    0.0000000000	    0.0000000000	    0.0000000000	    0.0000000000	    0.0000000000	    0.0000000000	    0.0000000000	    0.0000000000	    0.0000000585
26  	    0.0000000000	    0.0000000000	    0.0000000000	    0.0000000000	    0.0000000000	    0.0000000000	    0.0000000000	    0.0000000000	    0.0000000000	    0.0000000000	    0.0000000000	    0.0000000000	    0.0000000000	    0.0000000000	    0.0000000000	    0.0000000000	    0.0000000000	    0.0000000000	    0.0000000000	    0.0000000000	    0.0000000000	    0.0000000000	    0.0000000000	    0.0000000588
27  	    0.0000000000	    0.0000000000	    0.0000000000	    0.0000000000	    0.0000000000	    0.0000000000	    0.0000000000	    0.0000000000	    0.0000000000	    0.0000000000	    0.0000000000	    0.0000000000	    0.0000000000	    0.0000000000	    0.0000000000	    0.0000000000	    0.0000000000	    0.0000000000	    0.0000000000	    0.0000000000	    0.0000000000	    0.0000000000	    0.0000000000	    0.0000000591
28  	    0.0000000000	    0.0000000000	    0.0000000000	    0.0000000000	    0.0000000000	    0.0000000000	    0.0000000000	    0.0000000000	    0.0000000000	    0.0000000000	    0.0000000000	    0.0000000000	    0.0000000000	    0.0000000000	    0.0000000000	    0.0000000000	    0.0000000000	    0.0000000000	    0.0000000000	    0.0000000000	    0.0000000000	    0.0000000000	    0.0000000000	    0.0000000594
29  	    0.0000000000	    0.0000000000	    0.0000000000	    0.0000000000	    0.0000000000	    0.0000000000	    0.0000000000	    0.0000000000	    0.0000000000	    0.0000000000	    0.0000000000	    0.0000000000	    0.0000000000	    0.0000000000	    0.0000000000	    0.0000000000	    0.0000000000	    0.0000000000	    0.0000000000	    0.0000000000	    0.0000000000	    0.0000000000	    0.0000000000	    0.0000000597
30  	    0.0000000000	    0.0000000000	    0.0000000000	    0.0000000000	    0.0000000000	    0.0000000000	    0.0000000000	    0.0000000000	    0.0000000000	    0.0000000000	    0.0000000000	    0.0000000000	    0.0000000000	    0.0000000000	    0.0000000000	    0.0000000000	    0.0000000000	    0.0000000000	    0.0000000000	    0.0000000000	    0.0000000000	    0.0000000000	    0.0000000000	    0.0000000600
31  	    0.0000000000	    0.0000000000	    0.0000000000	    0.0000000000	    0.0000000000	    0.0000000000	    0.0000000000	    0.0000000000	    0.0000000000	    0.0000000000	    0.0000000000	    0.0000000000	    0.0000000000	    0.0000000000	    0.0000000000	    0.0000000000	    0.0000000000	    0.0000000000	    0.0000000000	    0.0000000000	    0.0000000000	    0.0000000000	    0.0000000000	    0.0000000603
32  	    0.0000000000	    0.0000000000	    0.0000000000	    0.0000000000	    0.0000000000	    0.0000000000	    0.0000000000	    0.0000000000	    0.0000000000	    0.0000000000	    0.0000000000	    0.0000000000	    0.0000000000	    0.0000000000	    0.0000000000	    0.0000000000	    0.0000000000	    0.0000000000	    0.0000000000	    0.0000000000	    0.0000000000	    0.0000000000	    0.0000000000	    0.0000000606
33  	    0.0000000000	    0.0000000000	    0.0000000000	    0.0000000000	    0.0000000000	    0.0000000000	    0.0000000000	    0.0000000000	    0.0000000000	    0.0000000000	    0.0000000000	    0.0000000000	    0.0000000000	    0.0000000000	    0.0000000000	    0.0000000000	    0.0000000000	    0.0000000000	    0.0000000000	    0.0000000000	    0.0000000000	    0.0000000000	    0.0000000000	    0.0000000609
34  	    0.0000000000	    0.0000000000	    0.0000000000	    0.0000000000	    0.0000000000	    0.0000000000	    0.0000000000	    0.0000000000	    0.0000000000	    0.0000000000	    0.0000000000	    0.0000000000	    0.0000000000	    0.0000000000	    0.0000000000	    0.0000000000	    0.0000000000	    0.0000000000	    0.0000000000	    0.0000000000	    0.0000000000	    0.0000000000	    0.0000000000	    0.0000000611
35  	    0.0000000000	    0.0000000000	    0.0000000000	    0.0000000000	    0.0000000000	    0.0000000000	    0.0000000000	    0.0000000000	    0.0000000000	    0.0000000000	    0.0000000000	    0.0000000000	    0.0000000000	    0.0000000000	    0.0000000000	    0.0000000000	    0.0000000000	    0.0000000000	    0.0000000000	    0.0000000000	    0.0000000000	    0.0000000000	    0.0000000000	    0.0000000614
36  	    0.0000000000	    0.0000000000	    0.0000000000	    0.0000000000	    0.0000000000	    0.0000000000	    0.0000000000	    0.0000000000	    0.0000000000	    0.0000000000	    0.0000000000	    0.0000000000	    0.0000000000	    0.0000000000	    0.0000000000	    0.0000000000	    0.0000000000	    0.0000000000	    0.0000000000	    0.0000000000	    0.0000000000	    0.0000000000	    0.0000000000	    0.0000000617
37  	    0.0000000000	    0.0000000000	    0.0000000000	    0.0000000000	    0.0000000000	    0.0000000000	    0.0000000000	    0.0000000000	    0.0000000000	    0.0000000000	    0.0000000000	    0.0000000000	    0.0000000000	    0.0000000000	    0.0000000000	    0.0000000000	    0.0000000000	    0.0000000000	    0.0000000000	    0.0000000000	    0.0000000000	    0.0000000000	    0.0000000000	    0.0000000620
38  	    0.0000000000	    0.0000000000	    0.0000000000	    0.0000000000	    0.0000000000	    0.0000000000	    0.0000000000	    0.0000000000	    0.0000000000	    0.0000000000	    0.0000000000	    0.0000000000	    0.0000000000	    0.0000000000	    0.0000000000	    0.0000000000	    0.0000000000	    0.0000000000	    0.0000000000	    0.0000000000	    0.0000000000	    0.0000000000	    0.0000000000	    0.0000000623
39  	    0.0000000000	    0.0000000000	    0.0000000000	    0.0000000000	    0.0000000000	    0.0000000000	    0.0000000000	    0.0000000000	    0.0000000000	    0.0000000000	    0.0000000000	    0.0000000000	    0.0000000000	    0.0000000000	    0.0000000000	    0.0000000000	    0.0000000000	    0.0000000000	    0.0000000000	    0.0000000000	    0.0000000000	    0.0000000000	    0.0000000000	    0.0000000626
40  	    0.0000000000	    0.0000000000	    0.0000000000	    0.0000000000	    0.0000000000	    0.0000000000	    0.0000000000	    0.0000000000	    0.0000000000	    0.0000000000	    0.0000000000	    0.0000000000	    0.0000000000	    0.0000000000	    0.0000000000	    0.0000000000	    0.0000000000	    0.0000000000	    0.0000000000	    0.0000000000	    0.0000000000	    0.0000000000	    0.0000000000	    0.0000000630
41  	    0.0000000000	    0.0000000000	    0.0000000000	    0.0000000000	    0.0000000000	    0.0000000000	    0.0000000000	    0.0000000000	    0.0000000000	    0.0000000000	    0.0000000000	    0.0000000000	    0.0000000000	    0.0000000000	    0.0000000000	    0.0000000000	    0.0000000000	    0.0000000000	    0.0000000000	    0.0000000000	    0.0000000000	    0.0000000000	    0.0000000000	    0.0000000633
42  	    0.0000000000	    0.0000000000	    0.0000000000	    0.0000000000	    0.0000000000	    0.0000000000	    0.0000000000	    0.0000000000	    0.0000000000	    0.0000000000	    0.0000000000	    0.0000000000	    0.0000000000	    0.0000000000	    0.0000000000	    0.0000000000	    0.0000000000	    0.0000000000	    0.0000000000	    0.0000000000	    0.0000000000	    0.0000000000	    0.0000000000	    0.0000000636
43  	    0.0000000000	    0.0000000000	    0.0000000000	    0.0000000000	    0.0000000000	    0.0000000000	    0.0000000000	    0.0000000000	    0.0000000000	    0.0000000000	    0.0000000000	    0.0000000000	    0.0000000000	    0.0000000000	    0.0000000000	    0.0000000000	    0.0000000000	    0.0000000000	    0.0000000000	    0.0000000000	    0.0000000000	    0.0000000000	    0.0000000000	    0.0000000640
44  	    0.0000000000	    0.0000000000	    0.0000000000	    0.0000000000	    0.0000000000	    0.0000000000	    0.0000000000	    0.0000000000	    0.0000000000	    0.0000000000	    0.0000000000	    0.0000000000	    0.0000000000	    0.0000000000	    0.0000000000	    0.0000000000	    0.0000000000	    0.0000000000	    0.0000000000	    0.0000000000	    0.0000000000	    0.0000000000	    0.0000000000	    0.0000000643
45  	    0.0000000000	    0.0000000000	    0.0000000000	    0.0000000000	    0.0000000000	    0.0000000000	    0.0000000000	    0.0000000000	    0.0000000000	    0.0000000000	    0.0000000000	    0.0000000000	    0.0000000000	    0.0000000000	    0.0000000000	    0.0000000000	    0.0000000000	    0.0000000000	    0.0000000000	    0.0000000000	    0.0000000000	    0.0000000000	    0.0000000000	    0.0000000647
46  	    0.0000000000	    0.0000000000	    0.0000000000	    0.0000000000	    0.0000000000	    0.0000000000	    0.0000000000	    0.0000000000	    0.0000000000	    0.0000000000	    0.0000000000	    0.0000000000	    0.0000000000	    0.0000000000	    0.0000000000	    0.0000000000	    0.0000000000	    0.0000000000	    0.0000000000	    0.0000000000	    0.0000000000	    0.0000000000	    0.0000000000	    0.0000000651
47  	    0.0000000000	    0.0000000000	    0.0000000000	    0.0000000000	    0.0000000000	    0.0000000000	    0.0000000000	    0.0000000000	    0.0000000000	    0.0000000000	    0.0000000000	    0.0000000000	    0.0000000000	    0.0000000000	    0.0000000000	    0.0000000000	    0.0000000000	    0.0000000000	    0.0000000000	    0.0000000000	    0.0000000000	    0.0000000000	    0.0000000000	    0.0000000655
48  	    0.0000000000	    0.0000000000	    0.0000000000	    0.0000000000	    0.0000000000	    0.0000000000	    0.0000000000	    0.0000000000	    0.0000000000	    0.0000000000	    0.0000000000	    0.0000000000	    0.0000000000	    0.0000000000	    0.0000000000	    0.0000000000	    0.0000000000	    0.0000000000	    0.0000000000	    0.0000000000	    0.0000000000	    0.0000000000	    0.0000000000	    0.0000000660
49  	    0.0000000000	    0.0000000000	    0.0000000000	    0.0000000000	    0.0000000000	    0.0000000000	    0.0000000000	    0.0000000000	    0.0000000000	    0.0000000000	    0.0000000000	    0.0000000000	    0.0000000000	    0.0000000000	    0.0000000000	    0.0000000000	    0.0000000000	    0.0000000000	    0.0000000000	    0.0000000000	    0.0000000000	    0.0000000000	    0.0000000000	    0.0000000665
50  	    0.0000000000	    0.0000000000	    0.0000000000	    0.0000000000	    0.0000000000	    0.0000000000	    0.0000000000	    0.0000000000	    0.0000000000	    0.0000000000	    0.0000000000	    0.0000000000	    0.0000000000	    0.0000000000	    0.0000000000	    0.0000000000	    0.0000000000	    0.0000000000	    0.0000000000	    0.0000000000	    0.0000000000	    0.0000000000	    0.0000000000	    0.0000000670
51  	    0.0000000000	    0.0000000000	    0.0000000000	    0.0000000000	    0.0000000000	    0.0000000000	    0.0000000000	    0.0000000000	    0.0000000000	    0.0000000000	    0.0000000000	    0.0000000000	    0.0000000000	    0.0000000000	    0.0000000000	    0.0000000000	    0.0000000000	    0.0000000000	    0.0000000000	    0.0000000000	    0.0000000000	    0.0000000000	    0.0000000000	    0.0000000675
52  	    0.0000000000	    0.0000000000	    0.0000000000	    0.0000000000	    0.0000000000	    0.0000000000	    0.0000000000	    0.0000000000	    0.0000000000	    0.0000000000	    0.0000000000	    0.0000000000	    0.0000000000	    0.0000000000	    0.0000000000	    0.0000000000	    0.0000000000	    0.0000000000	    0.0000000000	    0.0000000000	    0.0000000000	    0.0000000000	    0.0000000000	    0.0000000681
53  	    0.0000000000	    0.0000000000	    0.0000000000	    0.0000000000	    0.0000000000	    0.0000000000	    0.0000000000	    0.0000000000	    0.0000000000	    0.0000000000	    0.0000000000	    0.0000000000	    0.0000000000	    0.0000000000	    0.0000000000	    0.0000000000	    0.0000000000	    0.0000000000	    0.0000000000	    0.0000000000	    0.0000000000	    0.0000000000	    0.0000000000	    0.0000000687
54  	    0.0000000000	    0.0000000000	    0.0000000000	    0.0000000000	    0.0000000000	    0.0000000000	    0.0000000000	    0.0000000000	    0.0000000000	    0.0000000000	    0.0000000000	    0.0000000000	    0.0000000000	    0.0000000000	    0.0000000000	    0.0000000000	    0.0000000000	    0.0000000000	    0.0000000000	    0.0000000000	    0.0000000000	    0.0000000000	    0.0000000000	    0.0000000693
55  	    0.0000000000	    0.0000000000	    0.0000000000	    0.0000000000	    0.0000000000	    0.0000000000	    0.0000000000	    0.0000000000	    0.0000000000	    0.0000000000	    0.0000000000	    0.0000000000	    0.0000000000	    0.0000000000	    0.0000000000	    0.0000000000	    0.0000000000	    0.0000000000	    0.0000000000	    0.0000000000	    0.0000000000	    0.0000000000	    0.0000000000	    0.0000000700
56  	    0.0000000000	    0.0000000000	    0.0000000000	    0.0000000000	    0.0000000000	    0.0000000000	    0.0000000000	    0.0000000000	    0.0000000000	    0.0000000000	    0.0000000000	    0.0000000000	    0.0000000000	    0.0000000000	    0.0000000000	    0.0000000000	    0.0000000000	    0.0000000000	    0.0000000000	    0.0000000000	    0.0000000000	    0.0000000000	    0.0000000000	    0.0000000707
57  	    0.0000000000	    0.0000000000	    0.0000000000	    0.0000000000	    0.0000000000	    0.0000000000	    0.0000000000	    0.0000000000	    0.0000000000	    0.0000000000	    0.0000000000	    0.0000000000	    0.0000000000	    0.0000000000	    0.0000000000	    0.0000000000	    0.0000000000	    0.0000000000	    0.0000000000	    0.0000000000	    0.0000000000	    0.0000000000	    0.0000000000	    0.0000000715
58  	    0.0000000000	    0.0000000000	    0.0000000000	    0.0000000000	    0.0000000000	    0.0000000000	    0.0000000000	    0.0000000000	    0.0000000000	    0.0000000000	    0.0000000000	    0.0000000000	    0.0000000000	    0.0000000000	    0.0000000000	    0.0000000000	    0.0000000000	    0.0000000000	    0.0000000000	    0.0000000000	    0.0000000000	    0.0000000000	    0.0000000000	    0.0000000722
59  	    0.0000000000	    0.0000000000	    0.0000000000	    0.0000000000	    0.0000000000	    0.0000000000	    0.0000000000	    0.0000000000	    0.0000000000	    0.0000000000	    0.0000000000	    0.0000000000	    0.0000000000	    0.0000000000	    0.0000000000	    0.0000000000	    0.0000000000	    0.0000000000	    0.0000000000	    0.0000000000	    0.0000000000	    0.0000000000	    0.0000000000	    0.0000000731
60  	    0.0000000000	    0.0000000000	    0.0000000000	    0.0000000000	    0.0000000000	    0.0000000000	    0.0000000000	    0.0000000000	    0.0000000000	    0.0000000000	    0.0000000000	    0.0000000000	    0.0000000000	    0.0000000000	    0.0000000000	    0.0000000000	    0.0000000000	    0.0000000000	    0.0000000000	    0.0000000000	    0.0000000000	    0.0000000000	    0.0000000000	    0.0000000740
61  	    0.0000000000	    0.0000000000	    0.0000000000	    0.0000000000	    0.0000000000	    0.0000000000	    0.0000000000	    0.0000000000	    0.0000000000	    0.0000000000	    0.0000000000	    0.0000000000	    0.0000000000	    0.0000000000	    0.0000000000	    0.0000000000	    0.0000000000	    0.0000000000	    0.0000000000	    0.0000000000	    0.0000000000	    0.0000000000	    0.0000000000	    0.0000000749
62  	    0.0000000000	    0.0000000000	    0.0000000000	    0.0000000000	    0.0000000000	    0.0000000000	    0.0000000000	    0.0000000000	    0.0000000000	    0.0000000000	    0.0000000000	    0.0000000000	    0.0000000000	    0.0000000000	    0.0000000000	    0.0000000000	    0.0000000000	    0.0000000000	    0.0000000000	    0.0000000000	    0.0000000000	    0.0000000000	    0.0000000000	    0.0000000758
63  	    0.0000000000	    0.0000000000	    0.0000000000	    0.0000000000	    0.0000000000	    0.0000000000	    0.0000000000	    0.0000000000	    0.0000000000	    0.0000000000	    0.0000000000	    0.0000000000	    0.0000000000	    0.0000000000	    0.0000000000	    0.0000000000	    0.0000000000	    0.0000000000	    0.0000000000	    0.0000000000	    0.0000000000	    0.0000000000	    0.0000000000	    0.0000000768
64  	    0.0000000000	    0.0000000000	    0.0000000000	    0.0000000000	    0.0000000000	    0.0000000000	    0.0000000000	    0.0000000000	    0.0000000000	    0.0000000000	    0.0000000000	    0.0000000000	    0.0000000000	    0.0000000000	    0.0000000000	    0.0000000000	    0.0000000000	    0.0000000000	    0.0000000000	    0.0000000000	    0.0000000000	    0.0000000000	    0.0000000000	    0.0000000779
65  	    0.0000000000	    0.0000000000	    0.0000000000	    0.0000000000	    0.0000000000	    0.0000000000	    0.0000000000	    0.0000000000	    0.0000000000	    0.0000000000	    0.0000000000	    0.0000000000	    0.0000000000	    0.0000000000	    0.0000000000	    0.0000000000	    0.0000000000	    0.0000000000	    0.0000000000	    0.0000000000	    0.0000000000	    0.0000000000	    0.0000000000	    0.0000000790
66  	    0.0000000000	    0.0000000000	    0.0000000000	    0.0000000000	    0.0000000000	    0.0000000000	    0.0000000000	    0.0000000000	    0.0000000000	    0.0000000000	    0.0000000000	    0.0000000000	    0.0000000000	    0.0000000000	    0.0000000000	    0.0000000000	    0.0000000000	    0.0000000000	    0.0000000000	    0.0000000000	    0.0000000000	    0.0000000000	    0.0000000000	    0.0000000801
67  	    0.0000000000	    0.0000000000	    0.0000000000	    0.0000000000	    0.0000000000	    0.0000000000	    0.0000000000	    0.0000000000	    0.0000000000	    0.0000000000	    0.0000000000	    0.0000000000	    0.0000000000	    0.0000000000	    0.0000000000	    0.0000000000	    0.0000000000	    0.0000000000	    0.0000000000	    0.0000000000	    0.0000000000	    0.0000000000	    0.0000000000	    0.0000000813
68  	    0.0000000000	    0.0000000000	    0.0000000000	    0.0000000000	    0.0000000000	    0.0000000000	    0.0000000000	    0.0000000000	    0.0000000000	    0.0000000000	    0.0000000000	    0.0000000000	    0.0000000000	    0.0000000000	    0.0000000000	    0.0000000000	    0.0000000000	    0.0000000000	    0.0000000000	    0.0000000000	    0.0000000000	    0.0000000000	    0.0000000000	    0.0000000825
69  	    0.0000000000	    0.0000000000	    0.0000000000	    0.0000000000	    0.0000000000	    0.0000000000	    0.0000000000	    0.0000000000	    0.0000000000	    0.0000000000	    0.0000000000	    0.0000000000	    0.0000000000	    0.0000000000	    0.0000000000	    0.0000000000	    0.0000000000	    0.0000000000	    0.0000000000	    0.0000000000	    0.0000000000	    0.0000000000	    0.0000000000	    0.0000000837
70  	    0.0000000000	    0.0000000000	    0.0000000000	    0.0000000000	    0.0000000000	    0.0000000000	    0.0000000000	    0.0000000000	    0.0000000000	    0.0000000000	    0.0000000000	    0.0000000000	    0.0000000000	    0.0000000000	    0.0000000000	    0.0000000000	    0.0000000000	    0.0000000000	    0.0000000000	    0.0000000000	    0.0000000000	    0.0000000000	    0.0000000000	    0.0000000850
71  	    0.0000000000	    0.0000000000	    0.0000000000	    0.0000000000	    0.0000000000	    0.0000000000	    0.0000000000	    0.0000000000	    0.0000000000	    0.0000000000	    0.0000000000	    0.0000000000	    0.0000000000	    0.0000000000	    0.0000000000	    0.0000000000	    0.0000000000	    0.0000000000	    0.0000000000	    0.0000000000	    0.0000000000	    0.0000000000	    0.0000000000	    0.0000000864
72  	    0.0000000000	    0.0000000000	    0.0000000000	    0.0000000000	    0.0000000000	    0.0000000000	    0.0000000000	    0.0000000000	    0.0000000000	    0.0000000000	    0.0000000000	    0.0000000000	    0.0000000000	    0.0000000000	    0.0000000000	    0.0000000000	    0.0000000000	    0.0000000000	    0.0000000000	    0.0000000000	    0.0000000000	    0.0000000000	    0.0000000000	    0.0000000878
73  	    0.0000000000	    0.0000000000	    0.0000000000	    0.0000000000	    0.0000000000	    0.0000000000	    0.0000000000	    0.0000000000	    0.0000000000	    0.0000000000	    0.0000000000	    0.0000000000	    0.0000000000	    0.0000000000	    0.0000000000	    0.0000000000	    0.0000000000	    0.0000000000	    0.0000000000	    0.0000000000	    0.0000000000	    0.0000000000	    0.0000000000	    0.0000000893
74  	    0.0000000000	    0.0000000000	    0.0000000000	    0.0000000000	    0.0000000000	    0.0000000000	    0.0000000000	    0.0000000000	    0.0000000000	    0.0000000000	    0.0000000000	    0.0000000000	    0.0000000000	    0.0000000000	    0.0000000000	    0.0000000000	    0.0000000000	    0.0000000000	    0.0000000000	    0.0000000000	    0.0000000000	    0.0000000000	    0.0000000000	    0.0000000908
75  	    0.0000000000	    0.0000000000	    0.0000000000	    0.0000000000	    0.0000000000	    0.0000000000	    0.0000000000	    0.0000000000	    0.0000000000	    0.0000000000	    0.0000000000	    0.0000000000	    0.0000000000	    0.0000000000	    0.0000000000	    0.0000000000	    0.0000000000	    0.0000000000	    0.0000000000	    0.0000000000	    0.0000000000	    0.0000000000	    0.0000000000	    0.0000000923
76  	    0.0000000000	    0.0000000000	    0.0000000000	    0.0000000000	    0.0000000000	    0.0000000000	    0.0000000000	    0.0000000000	    0.0000000000	    0.0000000000	    0.0000000000	    0.0000000000	    0.0000000000	    0.0000000000	    0.0000000000	    0.0000000000	    0.0000000000	    0.0000000000	    0.0000000000	    0.0000000000	    0.0000000000	    0.0000000000	    0.0000000000	    0.0000000938
77  	    0.0000000000	    0.0000000000	    0.0000000000	    0.0000000000	    0.0000000000	    0.0000000000	    0.0000000000	    0.0000000000	    0.0000000000	    0.0000000000	    0.0000000000	    0.0000000000	    0.0000000000	    0.0000000000	    0.0000000000	    0.0000000000	    0.0000000000	    0.0000000000	    0.0000000000	    0.0000000000	    0.0000000000	    0.0000000000	    0.0000000000	    0.0000000954
78  	    0.0000000000	    0.0000000000	    0.0000000000	    0.0000000000	    0.0000000000	    0.0000000000	    0.0000000000	    0.0000000000	    0.0000000000	    0.0000000000	    0.0000000000	    0.0000000000	    0.0000000000	    0.0000000000	    0.0000000000	    0.0000000000	    0.0000000000	    0.0000000000	    0.0000000000	    0.0000000000	    0.0000000000	    0.0000000000	    0.0000000000	    0.0000000969
79  	    0.0000000000	    0.0000000000	    0.0000000000	    0.0000000000	    0.0000000000	    0.0000000000	    0.0000000000	    0.0000000000	    0.0000000000	    0.0000000000	    0.0000000000	    0.0000000000	    0.0000000000	    0.0000000000	    0.0000000000	    0.0000000000	    0.0000000000	    0.0000000000	    0.0000000000	    0.0000000000	    0.0000000000	    0.0000000000	    0.0000000000	    0.0000000985
80  	    0.0000000000	    0.0000000000	    0.0000000000	    0.0000000000	    0.0000000000	    0.0000000000	    0.0000000000	    0.0000000000	    0.0000000000	    0.0000000000	    0.0000000000	    0.0000000000	    0.0000000000	    0.0000000000	    0.0000000000	    0.0000000000	    0.0000000000	    0.0000000000	    0.0000000000	    0.0000000000	    0.0000000000	    0.0000000000	    0.0000000000	    0.0000001001
81  	    0.0000000000	    0.0000000000	    0.0000000000	    0.0000000000	    0.0000000000	    0.0000000000	    0.0000000000	    0.0000000000	    0.0000000000	    0.0000000000	    0.0000000000	    0.0000000000	    0.0000000000	    0.0000000000	    0.0000000000	    0.0000000000	    0.0000000000	    0.0000000000	    0.0000000000	    0.0000000000	    0.0000000000	    0.0000000000	    0.0000000000	    0.0000001018
82  	    0.0000000000	    0.0000000000	    0.0000000000	    0.0000000000	    0.0000000000	    0.0000000000	    0.0000000000	    0.0000000000	    0.0000000000	    0.0000000000	    0.0000000000	    0.0000000000	    0.0000000000	    0.0000000000	    0.0000000000	    0.0000000000	    0.0000000000	    0.0000000000	    0.0000000000	    0.0000000000	    0.0000000000	    0.0000000000	    0.0000000000	    0.0000001036
83  	    0.0000000000	    0.0000000000	    0.0000000000	    0.0000000000	    0.0000000000	    0.0000000000	    0.0000000000	    0.0000000000	    0.0000000000	    0.0000000000	    0.0000000000	    0.0000000000	    0.0000000000	    0.0000000000	    0.0000000000	    0.0000000000	    0.0000000000	    0.0000000000	    0.0000000000	    0.0000000000	    0.0000000000	    0.0000000000	    0.0000000000	    0.0000001053
84  	    0.0000000000	    0.0000000000	    0.0000000000	    0.0000000000	    0.0000000000	    0.0000000000	    0.0000000000	    0.0000000000	    0.0000000000	    0.0000000000	    0.0000000000	    0.0000000000	    0.0000000000	    0.0000000000	    0.0000000000	    0.0000000000	    0.0000000000	    0.0000000000	    0.0000000000	    0.0000000000	    0.0000000000	    0.0000000000	    0.0000000000	    0.0000001071
85  	    0.0000000000	    0.0000000000	    0.0000000000	    0.0000000000	    0.0000000000	    0.0000000000	    0.0000000000	    0.0000000000	    0.0000000000	    0.0000000000	    0.0000000000	    0.0000000000	    0.0000000000	    0.0000000000	    0.0000000000	    0.0000000000	    0.0000000000	    0.0000000000	    0.0000000000	    0.0000000000	    0.0000000000	    0.0000000000	    0.0000000000	    0.0000001089
86  	    0.0000000000	    0.0000000000	    0.0000000000	    0.0000000000	    0.0000000000	    0.0000000000	    0.0000000000	    0.0000000000	    0.0000000000	    0.0000000000	    0.0000000000	    0.0000000000	    0.0000000000	    0.0000000000	    0.0000000000	    0.0000000000	    0.0000000000	    0.0000000000	    0.0000000000	    0.0000000000	    0.0000000000	    0.0000000000	    0.0000000000	    0.0000001107
87  	    0.0000000000	    0.0000000000	    0.0000000000	    0.0000000000	    0.0000000000	    0.0000000000	    0.0000000000	    0.0000000000	    0.0000000000	    0.0000000000	    0.0000000000	    0.0000000000	    0.0000000000	    0.0000000000	    0.0000000000	    0.0000000000	    0.0000000000	    0.0000000000	    0.0000000000	    0.0000000000	    0.0000000000	    0.0000000000	    0.0000000000	    0.0000001126
88  	    0.0000000000	    0.0000000000	    0.0000000000	    0.0000000000	    0.0000000000	    0.0000000000	    0.0000000000	    0.0000000000	    0.0000000000	    0.0000000000	    0.0000000000	    0.0000000000	    0.0000000000	    0.0000000000	    0.0000000000	    0.0000000000	    0.0000000000	    0.0000000000	    0.0000000000	    0.0000000000	    0.0000000000	    0.0000000000	    0.0000000000	    0.0000001145
89  	    0.0000000000	    0.0000000000	    0.0000000000	    0.0000000000	    0.0000000000	    0.0000000000	    0.0000000000	    0.0000000000	    0.0000000000	    0.0000000000	    0.0000000000	    0.0000000000	    0.0000000000	    0.0000000000	    0.0000000000	    0.0000000000	    0.0000000000	    0.0000000000	    0.0000000000	    0.0000000000	    0.0000000000	    0.0000000000	    0.0000000000	    0.0000001165
90  	    0.0000000000	    0.0000000000	    0.0000000000	    0.0000000000	    0.0000000000	    0.0000000000	    0.0000000000	    0.0000000000	    0.0000000000	    0.0000000000	    0.0000000000	    0.0000000000	    0.0000000000	    0.0000000000	    0.0000000000	    0.0000000000	    0.0000000000	    0.0000000000	    0.0000000000	    0.0000000000	    0.0000000000	    0.0000000000	    0.0000000000	    0.0000001185
91  	    0.0000000000	    0.0000000000	    0.0000000000	    0.0000000000	    0.0000000000	    0.0000000000	    0.0000000000	    0.0000000000	    0.0000000000	    0.0000000000	    0.0000000000	    0.0000000000	    0.0000000000	    0.0000000000	    0.0000000000	    0.0000000000	    0.0000000000	    0.0000000000	    0.0000000000	    0.0000000000	    0.0000000000	    0.0000000000	    0.0000000000	    0.0000001204
92  	    0.0000000000	    0.0000000000	    0.0000000000	    0.0000000000	    0.0000000000	    0.0000000000	    0.0000000000	    0.0000000000	    0.0000000000	    0.0000000000	    0.0000000000	    0.0000000000	    0.0000000000	    0.0000000000	    0.0000000000	    0.0000000000	    0.0000000000	    0.0000000000	    0.0000000000	    0.0000000000	    0.0000000000	    0.0000000000	    0.0000000000	    0.0000001224
93  	    0.0000000000	    0.0000000000	    0.0000000000	    0.0000000000	    0.0000000000	    0.0000000000	    0.0000000000	    0.0000000000	    0.0000000000	    0.0000000000	    0.0000000000	    0.0000000000	    0.0000000000	    0.0000000000	    0.0000000000	    0.0000000000	    0.0000000000	    0.0000000000	    0.0000000000	    0.0000000000	    0.0000000000	    0.0000000000	    0.0000000000	    0.0000001244
94  	    0.0000000000	    0.0000000000	    0.0000000000	    0.0000000000	    0.0000000000	    0.0000000000	    0.0000000000	    0.0000000000	    0.0000000000	    0.0000000000	    0.0000000000	    0.0000000000	    0.0000000000	    0.0000000000	    0.0000000000	    0.0000000000	    0.0000000000	    0.0000000000	    0.0000000000	    0.0000000000	    0.0000000000	    0.0000000000	    0.0000000000	    0.0000001264
95  	    0.0000000000	    0.0000000000	    0.0000000000	    0.0000000000	    0.0000000000	    0.0000000000	    0.0000000000	    0.0000000000	    0.0000000000	    0.0000000000	    0.0000000000	    0.0000000000	    0.0000000000	    0.0000000000	    0.0000000000	    0.0000000000	    0.0000000000	    0.0000000000	    0.0000000000	    0.0000000000	    0.0000000000	    0.0000000000	    0.0000000000	    0.0000001284
96  	    0.0000000000	    0.0000000000	    0.0000000000	    0.0000000000	    0.0000000000	    0.0000000000	    0.0000000000	    0.0000000000	    0.0000000000	    0.0000000000	    0.0000000000	    0.0000000000	    0.0000000000	    0.0000000000	    0.0000000000	    0.0000000000	    0.0000000000	    0.0000000000	    0.0000000000	    0.0000000000	    0.0000000000	    0.0000000000	    0.0000000000	    0.0000001304
97  	    0.0000000000	    0.0000000000	    0.0000000000	    0.0000000000	    0.0000000000	    0.0000000000	    0.0000000000	    0.0000000000	    0.0000000000	    0.0000000000	    0.0000000000	    0.0000000000	    0.0000000000	    0.0000000000	    0.0000000000	    0.0000000000	    0.0000000000	    0.0000000000	    0.0000000000	    0.0000000000	    0.0000000000	    0.0000000000	    0.0000000000	    0.0000001326
98  	    0.0000000000	    0.0000000000	    0.0000000000	    0.0000000000	    0.0000000000	    0.0000000000	    0.0000000000	    0.0000000000	    0.0000000000	    0.0000000000	    0.0000000000	    0.0000000000	    0.0000000000	    0.0000000000	    0.0000000000	    0.0000000000	    0.0000000000	    0.0000000000	    0.0000000000	    0.0000000000	    0.0000000000	    0.0000000000	    0.0000000000	    0.0000001347
99  	    0.0000000000	    0.0000000000	    0.0000000000	    0.0000000000	    0.0000000000	    0.0000000000	    0.0000000000	    0.0000000000	    0.0000000000	    0.0000000000	    0.0000000000	    0.0000000000	    0.0000000000	    0.0000000000	    0.0000000000	    0.0000000000	    0.0000000000	    0.0000000000	    0.0000000000	    0.0000000000	    0.0000000000	    0.0000000000	    0.0000000000	    0.0000001368
100 	    0.0000000000	    0.0000000000	    0.0000000000	    0.0000000000	    0.0000000000	    0.0000000000	    0.0000000000	    0.0000000000	    0.0000000000	    0.0000000000	    0.0000000000	    0.0000000000	    0.0000000000	    0.0000000000	    0.0000000000	    0.0000000000	    0.0000000000	    0.0000000000	    0.0000000000	    0.0000000000	    0.0000000000	    0.0000000000	    0.0000000000	    0.0000001388
101 	    0.0000000000	    0.0000000000	    0.0000000000	    0.0000000000	    0.0000000000	    0.0000000000	    0.0000000000	    0.0000000000	    0.0000000000	    0.0000000000	    0.0000000000	    0.0000000000	    0.0000000000	    0.0000000000	    0.0000000000	    0.0000000000	    0.0000000000	    0.0000000000	    0.0000000000	    0.0000000000	    0.0000000000	    0.0000000000	    0.0000000000	    0.0000001409
102 	    0.0000000000	    0.0000000000	    0.0000000000	    0.0000000000	    0.0000000000	    0.0000000000	    0.0000000000	    0.0000000000	    0.0000000000	    0.0000000000	    0.0000000000	    0.0000000000	    0.0000000000	    0.0000000000	    0.0000000000	    0.0000000000	    0.0000000000	    0.0000000000	    0.0000000000	    0.0000000000	    0.0000000000	    0.0000000000	    0.0000000000	    0.0000001429
103 	    0.0000000000	    0.0000000000	    0.0000000000	    0.0000000000	    0.0000000000	    0.0000000000	    0.0000000000	    0.0000000000	    0.0000000000	    0.0000000000	    0.0000000000	    0.0000000000	    0.0000000000	    0.0000000000	    0.0000000000	    0.0000000000	    0.0000000000	    0.0000000000	    0.0000000000	    0.0000000000	    0.0000000000	    0.0000000000	    0.0000000000	    0.0000001449
104 	    0.0000000000	    0.0000000000	    0.0000000000	    0.0000000000	    0.0000000000	    0.0000000000	    0.0000000000	    0.0000000000	    0.0000000000	    0.0000000000	    0.0000000000	    0.0000000000	    0.0000000000	    0.0000000000	    0.0000000000	    0.0000000000	    0.0000000000	    0.0000000000	    0.0000000000	    0.0000000000	    0.0000000000	    0.0000000000	    0.0000000000	    0.0000001469
105 	    0.0000000000	    0.0000000000	    0.0000000000	    0.0000000000	    0.0000000000	    0.0000000000	    0.0000000000	    0.0000000000	    0.0000000000	    0.0000000000	    0.0000000000	    0.0000000000	    0.0000000000	    0.0000000000	    0.0000000000	    0.0000000000	    0.0000000000	    0.0000000000	    0.0000000000	    0.0000000000	    0.0000000000	    0.0000000000	    0.0000000000	    0.0000001489
106 	    0.0000000000	    0.0000000000	    0.0000000000	    0.0000000000	    0.0000000000	    0.0000000000	    0.0000000000	    0.0000000000	    0.0000000000	    0.0000000000	    0.0000000000	    0.0000000000	    0.0000000000	    0.0000000000	    0.0000000000	    0.0000000000	    0.0000000000	    0.0000000000	    0.0000000000	    0.0000000000	    0.0000000000	    0.0000000000	    0.0000000000	    0.0000001509
107 	    0.0000000000	    0.0000000000	    0.0000000000	    0.0000000000	    0.0000000000	    0.0000000000	    0.0000000000	    0.0000000000	    0.0000000000	    0.0000000000	    0.0000000000	    0.0000000000	    0.0000000000	    0.0000000000	    0.0000000000	    0.0000000000	    0.0000000000	    0.0000000000	    0.0000000000	    0.0000000000	    0.0000000000	    0.0000000000	    0.0000000000	    0.0000001529
108 	    0.0000000000	    0.0000000000	    0.0000000000	    0.0000000000	    0.0000000000	    0.0000000000	    0.0000000000	    0.0000000000	    0.0000000000	    0.0000000000	    0.0000000000	    0.0000000000	    0.0000000000	    0.0000000000	    0.0000000000	    0.0000000000	    0.0000000000	    0.0000000000	    0.0000000000	    0.0000000000	    0.0000000000	    0.0000000000	    0.0000000000	    0.0000001548
109 	    0.0000000000	    0.0000000000	    0.0000000000	    0.0000000000	    0.0000000000	    0.0000000000	    0.0000000000	    0.0000000000	    0.0000000000	    0.0000000000	    0.0000000000	    0.0000000000	    0.0000000000	    0.0000000000	    0.0000000000	    0.0000000000	    0.0000000000	    0.0000000000	    0.0000000000	    0.0000000000	    0.0000000000	    0.0000000000	    0.0000000000	    0.0000001568
110 	    0.0000000000	    0.0000000000	    0.0000000000	    0.0000000000	    0.0000000000	    0.0000000000	    0.0000000000	    0.0000000000	    0.0000000000	    0.0000000000	    0.0000000000	    0.0000000000	    0.0000000000	    0.0000000000	    0.0000000000	    0.0000000000	    0.0000000000	    0.0000000000	    0.0000000000	    0.0000000000	    0.0000000000	    0.0000000000	    0.0000000000	    0.0000001587
111 	    0.0000000000	    0.0000000000	    0.0000000000	    0.0000000000	    0.0000000000	    0.0000000000	    0.0000000000	    0.0000000000	    0.0000000000	    0.0000000000	    0.0000000000	    0.0000000000	    0.0000000000	    0.0000000000	    0.0000000000	    0.0000000000	    0.0000000000	    0.0000000000	    0.0000000000	    0.0000000000	    0.0000000000	    0.0000000000	    0.0000000000	    0.0000001607
112 	    0.0000000000	    0.0000000000	    0.0000000000	    0.0000000000	    0.0000000000	    0.0000000000	    0.0000000000	    0.0000000000	    0.0000000000	    0.0000000000	    0.0000000000	    0.0000000000	    0.0000000000	    0.0000000000	    0.0000000000	    0.0000000000	    0.0000000000	    0.0000000000	    0.0000000000	    0.0000000000	    0.0000000000	    0.0000000000	    0.0000000000	    0.0000001626
113 	    0.0000000000	    0.0000000000	    0.0000000000	    0.0000000000	    0.0000000000	    0.0000000000	    0.0000000000	    0.0000000000	    0.0000000000	    0.0000000000	    0.0000000000	    0.0000000000	    0.0000000000	    0.0000000000	    0.0000000000	    0.0000000000	    0.0000000000	    0.0000000000	    0.0000000000	    0.0000000000	    0.0000000000	    0.0000000000	    0.0000000000	    0.0000001646
114 	    0.0000000000	    0.0000000000	    0.0000000000	    0.0000000000	    0.0000000000	    0.0000000000	    0.0000000000	    0.0000000000	    0.0000000000	    0.0000000000	    0.0000000000	    0.0000000000	    0.0000000000	    0.0000000000	    0.0000000000	    0.0000000000	    0.0000000000	    0.0000000000	    0.0000000000	    0.0000000000	    0.0000000000	    0.0000000000	    0.0000000000	    0.0000001665
115 	    0.0000000000	    0.0000000000	    0.0000000000	    0.0000000000	    0.0000000000	    0.0000000000	    0.0000000000	    0.0000000000	    0.0000000000	    0.0000000000	    0.0000000000	    0.0000000000	    0.0000000000	    0.0000000000	    0.0000000000	    0.0000000000	    0.0000000000	    0.0000000000	    0.0000000000	    0.0000000000	    0.0000000000	    0.0000000000	    0.0000000000	    0.0000001685
116 	    0.0000000000	    0.0000000000	    0.0000000000	    0.0000000000	    0.0000000000	    0.0000000000	    0.0000000000	    0.0000000000	    0.0000000000	    0.0000000000	    0.0000000000	    0.0000000000	    0.0000000000	    0.0000000000	    0.0000000000	    0.0000000000	    0.0000000000	    0.0000000000	    0.0000000000	    0.0000000000	    0.0000000000	    0.0000000000	    0.0000000000	    0.0000001704
117 	    0.0000000000	    0.0000000000	    0.0000000000	    0.0000000000	    0.0000000000	    0.0000000000	    0.0000000000	    0.0000000000	    0.0000000000	    0.0000000000	    0.0000000000	    0.0000000000	    0.0000000000	    0.0000000000	    0.0000000000	    0.0000000000	    0.0000000000	    0.0000000000	    0.0000000000	    0.0000000000	    0.0000000000	    0.0000000000	    0.0000000000	    0.0000001724
118 	    0.0000000000	    0.0000000000	    0.0000000000	    0.0000000000	    0.0000000000	    0.0000000000	    0.0000000000	    0.0000000000	    0.0000000000	    0.0000000000	    0.0000000000	    0.0000000000	    0.0000000000	    0.0000000000	    0.0000000000	    0.0000000000	    0.0000000000	    0.0000000000	    0.0000000000	    0.0000000000	    0.0000000000	    0.0000000000	    0.0000000000	    0.0000001744
119 	    0.0000000000	    0.0000000000	    0.0000000000	    0.0000000000	    0.0000000000	    0.0000000000	    0.0000000000	    0.0000000000	    0.0000000000	    0.0000000000	    0.0000000000	    0.0000000000	    0.0000000000	    0.0000000000	    0.0000000000	    0.0000000000	    0.0000000000	    0.0000000000	    0.0000000000	    0.0000000000	    0.0000000000	    0.0000000000	    0.0000000000	    0.0000001763
120 	    0.0000000000	    0.0000000000	    0.0000000000	    0.0000000000	    0.0000000000	    0.0000000000	    0.0000000000	    0.0000000000	    0.0000000000	    0.0000000000	    0.0000000000	    0.0000000000	    0.0000000000	    0.0000000000	    0.0000000000	    0.0000000000	    0.0000000000	    0.0000000000	    0.0000000000	    0.0000000000	    0.0000000000	    0.0000000000	    0.0000000000	    0.0000001783
121 	    0.0000000000	    0.0000000000	    0.0000000000	    0.0000000000	    0.0000000000	    0.0000000000	    0.0000000000	    0.0000000000	    0.0000000000	    0.0000000000	    0.0000000000	    0.0000000000	    0.0000000000	    0.0000000000	    0.0000000000	    0.0000000000	    0.0000000000	    0.0000000000	    0.0000000000	    0.0000000000	    0.0000000000	    0.0000000000	    0.0000000000	    0.0000001803
122 	    0.0000000000	    0.0000000000	    0.0000000000	    0.0000000000	    0.0000000000	    0.0000000000	    0.0000000000	    0.0000000000	    0.0000000000	    0.0000000000	    0.0000000000	    0.0000000000	    0.0000000000	    0.0000000000	    0.0000000000	    0.0000000000	    0.0000000000	    0.0000000000	    0.0000000000	    0.0000000000	    0.0000000000	    0.0000000000	    0.0000000000	    0.0000001823
123 	    0.0000000000	    0.0000000000	    0.0000000000	    0.0000000000	    0.0000000000	    0.0000000000	    0.0000000000	    0.0000000000	    0.0000000000	    0.0000000000	    0.0000000000	    0.0000000000	    0.0000000000	    0.0000000000	    0.0000000000	    0.0000000000	    0.0000000000	    0.0000000000	    0.0000000000	    0.0000000000	    0.0000000000	    0.0000000000	    0.0000000000	    0.0000001843
124 	    0.0000000000	    0.0000000000	    0.0000000000	    0.0000000000	    0.0000000000	    0.0000000000	    0.0000000000	    0.0000000000	    0.0000000000	    0.0000000000	    0.0000000000	    0.0000000000	    0.0000000000	    0.0000000000	    0.0000000000	    0.0000000000	    0.0000000000	    0.0000000000	    0.0000000000	    0.0000000000	    0.0000000000	    0.0000000000	    0.0000000000	    0.0000001864
125 	    0.0000000000	    0.0000000000	    0.0000000000	    0.0000000000	    0.0000000000	    0.0000000000	    0.0000000000	    0.0000000000	    0.0000000000	    0.0000000000	    0.0000000000	    0.0000000000	    0.0000000000	    0.0000000000	    0.0000000000	    0.0000000000	    0.0000000000	    0.0000000000	    0.0000000000	    0.0000000000	    0.0000000000	    0.0000000000	    0.0000000000	    0.0000001884
126 	    0.0000000000	    0.0000000000	    0.0000000000	    0.0000000000	    0.0000000000	    0.0000000000	    0.0000000000	    0.0000000000	    0.0000000000	    0.0000000000	    0.0000000000	    0.0000000000	    0.0000000000	    0.0000000000	    0.0000000000	    0.0000000000	    0.0000000000	    0.0000000000	    0.0000000000	    0.0000000000	    0.0000000000	    0.0000000000	    0.0000000000	    0.0000001905
127 	    0.0000000000	    0.0000000000	    0.0000000000	    0.0000000000	    0.0000000000	    0.0000000000	    0.0000000000	    0.0000000000	    0.0000000000	    0.0000000000	    0.0000000000	    0.0000000000	    0.0000000000	    0.0000000000	    0.0000000000	    0.0000000000	    0.0000000000	    0.0000000000	    0.0000000000	    0.0000000000	    0.0000000000	    0.0000000000	    0.0000000000	    0.0000001926
128 	    0.0000000000	    0.0000000000	    0.0000000000	    0.0000000000	    0.0000000000	    0.0000000000	    0.0000000000	    0.0000000000	    0.0000000000	    0.0000000000	    0.0000000000	    0.0000000000	    0.0000000000	    0.0000000000	    0.0000000000	    0.0000000000	    0.0000000000	    0.0000000000	    0.0000000000	    0.0000000000	    0.0000000000	    0.0000000000	    0.0000000000	    0.0000001947
129 	    0.0000000000	    0.0000000000	    0.0000000000	    0.0000000000	    0.0000000000	    0.0000000000	    0.0000000000	    0.0000000000	    0.0000000000	    0.0000000000	    0.0000000000	    0.0000000000	    0.0000000000	    0.0000000000	    0.0000000000	    0.0000000000	    0.0000000000	    0.0000000000	    0.0000000000	    0.0000000000	    0.0000000000	    0.0000000000	    0.0000000000	    0.0000001968
130 	    0.0000000000	    0.0000000000	    0.0000000000	    0.0000000000	    0.0000000000	    0.0000000000	    0.0000000000	    0.0000000000	    0.0000000000	    0.0000000000	    0.0000000000	    0.0000000000	    0.0000000000	    0.0000000000	    0.0000000000	    0.0000000000	    0.0000000000	    0.0000000000	    0.0000000000	    0.0000000000	    0.0000000000	    0.0000000000	    0.0000000000	    0.0000001989
131 	    0.0000000000	    0.0000000000	    0.0000000000	    0.0000000000	    0.0000000000	    0.0000000000	    0.0000000000	    0.0000000000	    0.0000000000	    0.0000000000	    0.0000000000	    0.0000000000	    0.0000000000	    0.0000000000	    0.0000000000	    0.0000000000	    0.0000000000	    0.0000000000	    0.0000000000	    0.0000000000	    0.0000000000	    0.0000000000	    0.0000000000	    0.0000002011
132 	    0.0000000000	    0.0000000000	    0.0000000000	    0.0000000000	    0.0000000000	    0.0000000000	    0.0000000000	    0.0000000000	    0.0000000000	    0.0000000000	    0.0000000000	    0.0000000000	    0.0000000000	    0.0000000000	    0.0000000000	    0.0000000000	    0.0000000000	    0.0000000000	    0.0000000000	    0.0000000000	    0.0000000000	    0.0000000000	    0.0000000000	    0.0000002033
133 	    0.0000000000	    0.0000000000	    0.0000000000	    0.0000000000	    0.0000000000	    0.0000000000	    0.0000000000	    0.0000000000	    0.0000000000	    0.0000000000	    0.0000000000	    0.0000000000	    0.0000000000	    0.0000000000	    0.0000000000	    0.0000000000	    0.0000000000	    0.0000000000	    0.0000000000	    0.0000000000	    0.0000000000	    0.0000000000	    0.0000000000	    0.0000002055
134 	    0.0000000000	    0.0000000000	    0.0000000000	    0.0000000000	    0.0000000000	    0.0000000000	    0.0000000000	    0.0000000000	    0.0000000000	    0.0000000000	    0.0000000000	    0.0000000000	    0.0000000000	    0.0000000000	    0.0000000000	    0.0000000000	    0.0000000000	    0.0000000000	    0.0000000000	    0.0000000000	    0.0000000000	    0.0000000000	    0.0000000000	    0.0000002077
135 	    0.0000000000	    0.0000000000	    0.0000000000	    0.0000000000	    0.0000000000	    0.0000000000	    0.0000000000	    0.0000000000	    0.0000000000	    0.0000000000	    0.0000000000	    0.0000000000	    0.0000000000	    0.0000000000	    0.0000000000	    0.0000000000	    0.0000000000	    0.0000000000	    0.0000000000	    0.0000000000	    0.0000000000	    0.0000000000	    0.0000000000	    0.0000002099
136 	    0.0000000000	    0.0000000000	    0.0000000000	    0.0000000000	    0.0000000000	    0.0000000000	    0.0000000000	    0.0000000000	    0.0000000000	    0.0000000000	    0.0000000000	    0.0000000000	    0.0000000000	    0.0000000000	    0.0000000000	    0.0000000000	    0.0000000000	    0.0000000000	    0.0000000000	    0.0000000000	    0.0000000000	    0.0000000000	    0.0000000000	    0.0000002122
137 	    0.0000000000	    0.0000000000	    0.0000000000	    0.0000000000	    0.0000000000	    0.0000000000	    0.0000000000	    0.0000000000	    0.0000000000	    0.0000000000	    0.0000000000	    0.0000000000	    0.0000000000	    0.0000000000	    0.0000000000	    0.0000000000	    0.0000000000	    0.0000000000	    0.0000000000	    0.0000000000	    0.0000000000	    0.0000000000	    0.0000000000	    0.0000002145
138 	    0.0000000000	    0.0000000000	    0.0000000000	    0.0000000000	    0.0000000000	    0.0000000000	    0.0000000000	    0.0000000000	    0.0000000000	    0.0000000000	    0.0000000000	    0.0000000000	    0.0000000000	    0.0000000000	    0.0000000000	    0.0000000000	    0.0000000000	    0.0000000000	    0.0000000000	    0.0000000000	    0.0000000000	    0.0000000000	    0.0000000000	    0.0000002168
139 	    0.0000000000	    0.0000000000	    0.0000000000	    0.0000000000	    0.0000000000	    0.0000000000	    0.0000000000	    0.0000000000	    0.0000000000	    0.0000000000	    0.0000000000	    0.0000000000	    0.0000000000	    0.0000000000	    0.0000000000	    0.0000000000	    0.0000000000	    0.0000000000	    0.0000000000	    0.0000000000	    0.0000000000	    0.0000000000	    0.0000000000	    0.0000002192
140 	    0.0000000000	    0.0000000000	    0.0000000000	    0.0000000000	    0.0000000000	    0.0000000000	    0.0000000000	    0.0000000000	    0.0000000000	    0.0000000000	    0.0000000000	    0.0000000000	    0.0000000000	    0.0000000000	    0.0000000000	    0.0000000000	    0.0000000000	    0.0000000000	    0.0000000000	    0.0000000000	    0.0000000000	    0.0000000000	    0.0000000000	    0.0000002216
141 	    0.0000000000	    0.0000000000	    0.0000000000	    0.0000000000	    0.0000000000	    0.0000000000	    0.0000000000	    0.0000000000	    0.0000000000	    0.0000000000	    0.0000000000	    0.0000000000	    0.0000000000	    0.0000000000	    0.0000000000	    0.0000000000	    0.0000000000	    0.0000000000	    0.0000000000	    0.0000000000	    0.0000000000	    0.0000000000	    0.0000000000	    0.0000002240
142 	    0.0000000000	    0.0000000000	    0.0000000000	    0.0000000000	    0.0000000000	    0.0000000000	    0.0000000000	    0.0000000000	    0.0000000000	    0.0000000000	    0.0000000000	    0.0000000000	    0.0000000000	    0.0000000000	    0.0000000000	    0.0000000000	    0.0000000000	    0.0000000000	    0.0000000000	    0.0000000000	    0.0000000000	    0.0000000000	    0.0000000000	    0.0000002264
143 	    0.0000000000	    0.0000000000	    0.0000000000	    0.0000000000	    0.0000000000	    0.0000000000	    0.0000000000	    0.0000000000	    0.0000000000	    0.0000000000	    0.0000000000	    0.0000000000	    0.0000000000	    0.0000000000	    0.0000000000	    0.0000000000	    0.0000000000	    0.0000000000	    0.0000000000	    0.0000000000	    0.0000000000	    0.0000000000	    0.0000000000	    0.0000002289
144 	    0.0000000000	    0.0000000000	    0.0000000000	    0.0000000000	    0.0000000000	    0.0000000000	    0.0000000000	    0.0000000000	    0.0000000000	    0.0000000000	    0.0000000000	    0.0000000000	    0.0000000000	    0.0000000000	    0.0000000000	    0.0000000000	    0.0000000000	    0.0000000000	    0.0000000000	    0.0000000000	    0.0000000000	    0.0000000000	    0.0000000000	    0.0000002314
145 	    0.0000000000	    0.0000000000	    0.0000000000	    0.0000000000	    0.0000000000	    0.0000000000	    0.0000000000	    0.0000000000	    0.0000000000	    0.0000000000	    0.0000000000	    0.0000000000	    0.0000000000	    0.0000000000	    0.0000000000	    0.0000000000	    0.0000000000	    0.0000000000	    0.0000000000	    0.0000000000	    0.0000000000	    0.0000000000	    0.0000000000	    0.0000002340
146 	    0.0000000000	    0.0000000000	    0.0000000000	    0.0000000000	    0.0000000000	    0.0000000000	    0.0000000000	    0.0000000000	    0.0000000000	    0.0000000000	    0.0000000000	    0.0000000000	    0.0000000000	    0.0000000000	    0.0000000000	    0.0000000000	    0.0000000000	    0.0000000000	    0.0000000000	    0.0000000000	    0.0000000000	    0.0000000000	    0.0000000000	    0.0000002365
147 	    0.0000000000	    0.0000000000	    0.0000000000	    0.0000000000	    0.0000000000	    0.0000000000	    0.0000000000	    0.0000000000	    0.0000000000	    0.0000000000	    0.0000000000	    0.0000000000	    0.0000000000	    0.0000000000	    0.0000000000	    0.0000000000	    0.0000000000	    0.0000000000	    0.0000000000	    0.0000000000	    0.0000000000	    0.0000000000	    0.0000000000	    0.0000002391
148 	    0.0000000000	    0.0000000000	    0.0000000000	    0.0000000000	    0.0000000000	    0.0000000000	    0.0000000000	    0.0000000000	    0.0000000000	    0.0000000000	    0.0000000000	    0.0000000000	    0.0000000000	    0.0000000000	    0.0000000000	    0.0000000000	    0.0000000000	    0.0000000000	    0.0000000000	    0.0000000000	    0.0000000000	    0.0000000000	    0.0000000000	    0.0000002418
149 	    0.0000000000	    0.0000000000	    0.0000000000	    0.0000000000	    0.0000000000	    0.0000000000	    0.0000000000	    0.0000000000	    0.0000000000	    0.0000000000	    0.0000000000	    0.0000000000	    0.0000000000	    0.0000000000	    0.0000000000	    0.0000000000	    0.0000000000	    0.0000000000	    0.0000000000	    0.0000000000	    0.0000000000	    0.0000000000	    0.0000000000	    0.0000002445
150 	    0.0000000000	    0.0000000000	    0.0000000000	    0.0000000000	    0.0000000000	    0.0000000000	    0.0000000000	    0.0000000000	    0.0000000000	    0.0000000000	    0.0000000000	    0.0000000000	    0.0000000000	    0.0000000000	    0.0000000000	    0.0000000000	    0.0000000000	    0.0000000000	    0.0000000000	    0.0000000000	    0.0000000000	    0.0000000000	    0.0000000000	    0.0000002472
151 	    0.0000000000	    0.0000000000	    0.0000000000	    0.0000000000	    0.0000000000	    0.0000000000	    0.0000000000	    0.0000000000	    0.0000000000	    0.0000000000	    0.0000000000	    0.0000000000	    0.0000000000	    0.0000000000	    0.0000000000	    0.0000000000	    0.0000000000	    0.0000000000	    0.0000000000	    0.0000000000	    0.0000000000	    0.0000000000	    0.0000000000	    0.0000002500
152 	    0.0000000000	    0.0000000000	    0.0000000000	    0.0000000000	    0.0000000000	    0.0000000000	    0.0000000000	    0.0000000000	    0.0000000000	    0.0000000000	    0.0000000000	    0.0000000000	    0.0000000000	    0.0000000000	    0.0000000000	    0.0000000000	    0.0000000000	    0.0000000000	    0.0000000000	    0.0000000000	    0.0000000000	    0.0000000000	    0.0000000000	    0.0000002528
153 	    0.0000000000	    0.0000000000	    0.0000000000	    0.0000000000	    0.0000000000	    0.0000000000	    0.0000000000	    0.0000000000	    0.0000000000	    0.0000000000	    0.0000000000	    0.0000000000	    0.0000000000	    0.0000000000	    0.0000000000	    0.0000000000	    0.0000000000	    0.0000000000	    0.0000000000	    0.0000000000	    0.0000000000	    0.0000000000	    0.0000000000	    0.0000002556
154 	    0.0000000000	    0.0000000000	    0.0000000000	    0.0000000000	    0.0000000000	    0.0000000000	    0.0000000000	    0.0000000000	    0.0000000000	    0.0000000000	    0.0000000000	    0.0000000000	    0.0000000000	    0.0000000000	    0.0000000000	    0.0000000000	    0.0000000000	    0.0000000000	    0.0000000000	    0.0000000000	    0.0000000000	    0.0000000000	    0.0000000000	    0.0000002585
155 	    0.0000000000	    0.0000000000	    0.0000000000	    0.0000000000	    0.0000000000	    0.0000000000	    0.0000000000	    0.0000000000	    0.0000000000	    0.0000000000	    0.0000000000	    0.0000000000	    0.0000000000	    0.0000000000	    0.0000000000	    0.0000000000	    0.0000000000	    0.0000000000	    0.0000000000	    0.0000000000	    0.0000000000	    0.0000000000	    0.0000000000	    0.0000002614
156 	    0.0000000000	    0.0000000000	    0.0000000000	    0.0000000000	    0.0000000000	    0.0000000000	    0.0000000000	    0.0000000000	    0.0000000000	    0.0000000000	    0.0000000000	    0.0000000000	    0.0000000000	    0.0000000000	    0.0000000000	    0.0000000000	    0.0000000000	    0.0000000000	    0.0000000000	    0.0000000000	    0.0000000000	    0.0000000000	    0.0000000000	    0.0000002644
157 	    0.0000000000	    0.0000000000	    0.0000000000	    0.0000000000	    0.0000000000	    0.0000000000	    0.0000000000	    0.0000000000	    0.0000000000	    0.0000000000	    0.0000000000	    0.0000000000	    0.0000000000	    0.0000000000	    0.0000000000	    0.0000000000	    0.0000000000	    0.0000000000	    0.0000000000	    0.0000000000	    0.0000000000	    0.0000000000	    0.0000000000	    0.0000002674
158 	    0.0000000000	    0.0000000000	    0.0000000000	    0.0000000000	    0.0000000000	    0.0000000000	    0.0000000000	    0.0000000000	    0.0000000000	    0.0000000000	    0.0000000000	    0.0000000000	    0.0000000000	    0.0000000000	    0.0000000000	    0.0000000000	    0.0000000000	    0.0000000000	    0.0000000000	    0.0000000000	    0.0000000000	    0.0000000000	    0.0000000000	    0.0000002705
159 	    0.0000000000	    0.0000000000	    0.0000000000	    0.0000000000	    0.0000000000	    0.0000000000	    0.0000000000	    0.0000000000	    0.0000000000	    0.0000000000	    0.0000000000	    0.0000000000	    0.0000000000	    0.0000000000	    0.0000000000	    0.0000000000	    0.0000000000	    0.0000000000	    0.0000000000	    0.0000000000	    0.0000000000	    0.0000000000	    0.0000000000	    0.0000002736
160 	    0.0000000000	    0.0000000000	    0.0000000000	    0.0000000000	    0.0000000000	    0.0000000000	    0.0000000000	    0.0000000000	    0.0000000000	    0.0000000000	    0.0000000000	    0.0000000000	    0.0000000000	    0.0000000000	    0.0000000000	    0.0000000000	    0.0000000000	    0.0000000000	    0.0000000000	    0.0000000000	    0.0000000000	    0.0000000000	    0.0000000000	    0.0000002768
161 	    0.0000000000	    0.0000000000	    0.0000000000	    0.0000000000	    0.0000000000	    0.0000000000	    0.0000000000	    0.0000000000	    0.0000000000	    0.0000000000	    0.0000000000	    0.0000000000	    0.0000000000	    0.0000000000	    0.0000000000	    0.0000000000	    0.0000000000	    0.0000000000	    0.0000000000	    0.0000000000	    0.0000000000	    0.0000000000	    0.0000000000	    0.0000002800
162 	    0.0000000000	    0.0000000000	    0.0000000000	    0.0000000000	    0.0000000000	    0.0000000000	    0.0000000000	    0.0000000000	    0.0000000000	    0.0000000000	    0.0000000000	    0.0000000000	    0.0000000000	    0.0000000000	    0.0000000000	    0.0000000000	    0.0000000000	    0.0000000000	    0.0000000000	    0.0000000000	    0.0000000000	    0.0000000000	    0.0000000000	    0.0000002832
163 	    0.0000000000	    0.0000000000	    0.0000000000	    0.0000000000	    0.0000000000	    0.0000000000	    0.0000000000	    0.0000000000	    0.0000000000	    0.0000000000	    0.0000000000	    0.0000000000	    0.0000000000	    0.0000000000	    0.0000000000	    0.0000000000	    0.0000000000	    0.0000000000	    0.0000000000	    0.0000000000	    0.0000000000	    0.0000000000	    0.0000000000	    0.0000002865
164 	    0.0000000000	    0.0000000000	    0.0000000000	    0.0000000000	    0.0000000000	    0.0000000000	    0.0000000000	    0.0000000000	    0.0000000000	    0.0000000000	    0.0000000000	    0.0000000000	    0.0000000000	    0.0000000000	    0.0000000000	    0.0000000000	    0.0000000000	    0.0000000000	    0.0000000000	    0.0000000000	    0.0000000000	    0.0000000000	    0.0000000000	    0.0000002899
165 	    0.0000000000	    0.0000000000	    0.0000000000	    0.0000000000	    0.0000000000	    0.0000000000	    0.0000000000	    0.0000000000	    0.0000000000	    0.0000000000	    0.0000000000	    0.0000000000	    0.0000000000	    0.0000000000	    0.0000000000	    0.0000000000	    0.0000000000	    0.0000000000	    0.0000000000	    0.0000000000	    0.0000000000	    0.0000000000	    0.0000000000	    0.0000002934
166 	    0.0000000000	    0.0000000000	    0.0000000000	    0.0000000000	    0.0000000000	    0.0000000000	    0.0000000000	    0.0000000000	    0.0000000000	    0.0000000000	    0.0000000000	    0.0000000000	    0.0000000000	    0.0000000000	    0.0000000000	    0.0000000000	    0.0000000000	    0.0000000000	    0.0000000000	    0.0000000000	    0.0000000000	    0.0000000000	    0.0000000000	    0.0000002968
167 	    0.0000000000	    0.0000000000	    0.0000000000	    0.0000000000	    0.0000000000	    0.0000000000	    0.0000000000	    0.0000000000	    0.0000000000	    0.0000000000	    0.0000000000	    0.0000000000	    0.0000000000	    0.0000000000	    0.0000000000	    0.0000000000	    0.0000000000	    0.0000000000	    0.0000000000	    0.0000000000	    0.0000000000	    0.0000000000	    0.0000000000	    0.0000003004
168 	    0.0000000000	    0.0000000000	    0.0000000000	    0.0000000000	    0.0000000000	    0.0000000000	    0.0000000000	    0.0000000000	    0.0000000000	    0.0000000000	    0.0000000000	    0.0000000000	    0.0000000000	    0.0000000000	    0.0000000000	    0.0000000000	    0.0000000000	    0.0000000000	    0.0000000000	    0.0000000000	    0.0000000000	    0.0000000000	    0.0000000000	    0.0000003040
169 	    0.0000000000	    0.0000000000	    0.0000000000	    0.0000000000	    0.0000000000	    0.0000000000	    0.0000000000	    0.0000000000	    0.0000000000	    0.0000000000	    0.0000000000	    0.0000000000	    0.0000000000	    0.0000000000	    0.0000000000	    0.0000000000	    0.0000000000	    0.0000000000	    0.0000000000	    0.0000000000	    0.0000000000	    0.0000000000	    0.0000000000	    0.0000003077
170 	    0.0000000000	    0.0000000000	    0.0000000000	    0.0000000000	    0.0000000000	    0.0000000000	    0.0000000000	    0.0000000000	    0.0000000000	    0.0000000000	    0.0000000000	    0.0000000000	    0.0000000000	    0.0000000000	    0.0000000000	    0.0000000000	    0.0000000000	    0.0000000000	    0.0000000000	    0.0000000000	    0.0000000000	    0.0000000000	    0.0000000000	    0.0000003114
171 	    0.0000000000	    0.0000000000	    0.0000000000	    0.0000000000	    0.0000000000	    0.0000000000	    0.0000000000	    0.0000000000	    0.0000000000	    0.0000000000	    0.0000000000	    0.0000000000	    0.0000000000	    0.0000000000	    0.0000000000	    0.0000000000	    0.0000000000	    0.0000000000	    0.0000000000	    0.0000000000	    0.0000000000	    0.0000000000	    0.0000000000	    0.0000003152
172 	    0.0000000000	    0.0000000000	    0.0000000000	    0.0000000000	    0.0000000000	    0.0000000000	    0.0000000000	    0.0000000000	    0.0000000000	    0.0000000000	    0.0000000000	    0.0000000000	    0.0000000000	    0.0000000000	    0.0000000000	    0.0000000000	    0.0000000000	    0.0000000000	    0.0000000000	    0.0000000000	    0.0000000000	    0.0000000000	    0.0000000000	    0.0000003191
173 	    0.0000000000	    0.0000000000	    0.0000000000	    0.0000000000	    0.0000000000	    0.0000000000	    0.0000000000	    0.0000000000	    0.0000000000	    0.0000000000	    0.0000000000	    0.0000000000	    0.0000000000	    0.0000000000	    0.0000000000	    0.0000000000	    0.0000000000	    0.0000000000	    0.0000000000	    0.0000000000	    0.0000000000	    0.0000000000	    0.0000000000	    0.0000003230
174 	    0.0000000000	    0.0000000000	    0.0000000000	    0.0000000000	    0.0000000000	    0.0000000000	    0.0000000000	    0.0000000000	    0.0000000000	    0.0000000000	    0.0000000000	    0.0000000000	    0.0000000000	    0.0000000000	    0.0000000000	    0.0000000000	    0.0000000000	    0.0000000000	    0.0000000000	    0.0000000000	    0.0000000000	    0.0000000000	    0.0000000000	    0.0000003271
175 	    0.0000000000	    0.0000000000	    0.0000000000	    0.0000000000	    0.0000000000	    0.0000000000	    0.0000000000	    0.0000000000	    0.0000000000	    0.0000000000	    0.0000000000	    0.0000000000	    0.0000000000	    0.0000000000	    0.0000000000	    0.0000000000	    0.0000000000	    0.0000000000	    0.0000000000	    0.0000000000	    0.0000000000	    0.0000000000	    0.0000000000	    0.0000003312
176 	    0.0000000000	    0.0000000000	    0.0000000000	    0.0000000000	    0.0000000000	    0.0000000000	    0.0000000000	    0.0000000000	    0.0000000000	    0.0000000000	    0.0000000000	    0.0000000000	    0.0000000000	    0.0000000000	    0.0000000000	    0.0000000000	    0.0000000000	    0.0000000000	    0.0000000000	    0.0000000000	    0.0000000000	    0.0000000000	    0.0000000000	    0.0000003354
177 	    0.0000000000	    0.0000000000	    0.0000000000	    0.0000000000	    0.0000000000	    0.0000000000	    0.0000000000	    0.0000000000	    0.0000000000	    0.0000000000	    0.0000000000	    0.0000000000	    0.0000000000	    0.0000000000	    0.0000000000	    0.0000000000	    0.0000000000	    0.0000000000	    0.0000000000	    0.0000000000	    0.0000000000	    0.0000000000	    0.0000000000	    0.0000003396
178 	    0.0000000000	    0.0000000000	    0.0000000000	    0.0000000000	    0.0000000000	    0.0000000000	    0.0000000000	    0.0000000000	    0.0000000000	    0.0000000000	    0.0000000000	    0.0000000000	    0.0000000000	    0.0000000000	    0.0000000000	    0.0000000000	    0.0000000000	    0.0000000000	    0.0000000000	    0.0000000000	    0.0000000000	    0.0000000000	    0.0000000000	    0.0000003440
179 	    0.0000000000	    0.0000000000	    0.0000000000	    0.0000000000	    0.0000000000	    0.0000000000	    0.0000000000	    0.0000000000	    0.0000000000	    0.0000000000	    0.0000000000	    0.0000000000	    0.0000000000	    0.0000000000	    0.0000000000	    0.0000000000	    0.0000000000	    0.0000000000	    0.0000000000	    0.0000000000	    0.0000000000	    0.0000000000	    0.0000000000	    0.0000003484
180 	    0.0000000000	    0.0000000000	    0.0000000000	    0.0000000000	    0.0000000000	    0.0000000000	    0.0000000000	    0.0000000000	    0.0000000000	    0.0000000000	    0.0000000000	    0.0000000000	    0.0000000000	    0.0000000000	    0.0000000000	    0.0000000000	    0.0000000000	    0.0000000000	    0.0000000000	    0.0000000000	    0.0000000000	    0.0000000000	    0.0000000000	    0.0000003529
181 	    0.0000000000	    0.0000000000	    0.0000000000	    0.0000000000	    0.0000000000	    0.0000000000	    0.0000000000	    0.0000000000	    0.0000000000	    0.0000000000	    0.0000000000	    0.0000000000	    0.0000000000	    0.0000000000	    0.0000000000	    0.0000000000	    0.0000000000	    0.0000000000	    0.0000000000	    0.0000000000	    0.0000000000	    0.0000000000	    0.0000000000	    0.0000003576
182 	    0.0000000000	    0.0000000000	    0.0000000000	    0.0000000000	    0.0000000000	    0.0000000000	    0.0000000000	    0.0000000000	    0.0000000000	    0.0000000000	    0.0000000000	    0.0000000000	    0.0000000000	    0.0000000000	    0.0000000000	    0.0000000000	    0.0000000000	    0.0000000000	    0.0000000000	    0.0000000000	    0.0000000000	    0.0000000000	    0.0000000000	    0.0000003623
183 	    0.0000000000	    0.0000000000	    0.0000000000	    0.0000000000	    0.0000000000	    0.0000000000	    0.0000000000	    0.0000000000	    0.0000000000	    0.0000000000	    0.0000000000	    0.0000000000	    0.0000000000	    0.0000000000	    0.0000000000	    0.0000000000	    0.0000000000	    0.0000000000	    0.0000000000	    0.0000000000	    0.0000000000	    0.0000000000	    0.0000000000	    0.0000003671
184 	    0.0000000000	    0.0000000000	    0.0000000000	    0.0000000000	    0.0000000000	    0.0000000000	    0.0000000000	    0.0000000000	    0.0000000000	    0.0000000000	    0.0000000000	    0.0000000000	    0.0000000000	    0.0000000000	    0.0000000000	    0.0000000000	    0.0000000000	    0.0000000000	    0.0000000000	    0.0000000000	    0.0000000000	    0.0000000000	    0.0000000000	    0.0000003721
185 	    0.0000000000	    0.0000000000	    0.0000000000	    0.0000000000	    0.0000000000	    0.0000000000	    0.0000000000	    0.0000000000	    0.0000000000	    0.0000000000	    0.0000000000	    0.0000000000	    0.0000000000	    0.0000000000	    0.0000000000	    0.0000000000	    0.0000000000	    0.0000000000	    0.0000000000	    0.0000000000	    0.0000000000	    0.0000000000	    0.0000000000	    0.0000003772
186 	    0.0000000000	    0.0000000000	    0.0000000000	    0.0000000000	    0.0000000000	    0.0000000000	    0.0000000000	    0.0000000000	    0.0000000000	    0.0000000000	    0.0000000000	    0.0000000000	    0.0000000000	    0.0000000000	    0.0000000000	    0.0000000000	    0.0000000000	    0.0000000000	    0.0000000000	    0.0000000000	    0.0000000000	    0.0000000000	    0.0000000000	    0.0000003823
187 	    0.0000000000	    0.0000000000	    0.0000000000	    0.0000000000	    0.0000000000	    0.0000000000	    0.0000000000	    0.0000000000	    0.0000000000	    0.0000000000	    0.0000000000	    0.0000000000	    0.0000000000	    0.0000000000	    0.0000000000	    0.0000000000	    0.0000000000	    0.0000000000	    0.0000000000	    0.0000000000	    0.0000000000	    0.0000000000	    0.0000000000	    0.0000003877
188 	    0.0000000000	    0.0000000000	    0.0000000000	    0.0000000000	    0.0000000000	    0.0000000000	    0.0000000000	    0.0000000000	    0.0000000000	    0.0000000000	    0.0000000000	    0.0000000000	    0.0000000000	    0.0000000000	    0.0000000000	    0.0000000000	    0.0000000000	    0.0000000000	    0.0000000000	    0.0000000000	    0.0000000000	    0.0000000000	    0.0000000000	    0.0000003931
189 	    0.0000000000	    0.0000000000	    0.0000000000	    0.0000000000	    0.0000000000	    0.0000000000	    0.0000000000	    0.0000000000	    0.0000000000	    0.0000000000	    0.0000000000	    0.0000000000	    0.0000000000	    0.0000000000	    0.0000000000	    0.0000000000	    0.0000000000	    0.0000000000	    0.0000000000	    0.0000000000	    0.0000000000	    0.0000000000	    0.0000000000	    0.0000003987
190 	    0.0000000000	    0.0000000000	    0.0000000000	    0.0000000000	    0.0000000000	    0.0000000000	    0.0000000000	    0.0000000000	    0.0000000000	    0.0000000000	    0.0000000000	    0.0000000000	    0.0000000000	    0.0000000000	    0.0000000000	    0.0000000000	    0.0000000000	    0.0000000000	    0.0000000000	    0.0000000000	    0.0000000000	    0.0000000000	    0.0000000000	    0.0000004044
191 	    0.0000000000	    0.0000000000	    0.0000000000	    0.0000000000	    0.0000000000	    0.0000000000	    0.0000000000	    0.0000000000	    0.0000000000	    0.0000000000	    0.0000000000	    0.0000000000	    0.0000000000	    0.0000000000	    0.0000000000	    0.0000000000	    0.0000000000	    0.0000000000	    0.0000000000	    0.0000000000	    0.0000000000	    0.0000000000	    0.0000000000	    0.0000004103
192 	    0.0000000000	    0.0000000000	    0.0000000000	    0.0000000000	    0.0000000000	    0.0000000000	    0.0000000000	    0.0000000000	    0.0000000000	    0.0000000000	    0.0000000000	    0.0000000000	    0.0000000000	    0.0000000000	    0.0000000000	    0.0000000000	    0.0000000000	    0.0000000000	    0.0000000000	    0.0000000000	    0.0000000000	    0.0000000000	    0.0000000000	    0.0000004164
193 	    0.0000000000	    0.0000000000	    0.0000000000	    0.0000000000	    0.0000000000	    0.0000000000	    0.0000000000	    0.0000000000	    0.0000000000	    0.0000000000	    0.0000000000	    0.0000000000	    0.0000000000	    0.0000000000	    0.0000000000	    0.0000000000	    0.0000000000	    0.0000000000	    0.0000000000	    0.0000000000	    0.0000000000	    0.0000000000	    0.0000000000	    0.0000004226
194 	    0.0000000000	    0.0000000000	    0.0000000000	    0.0000000000	    0.0000000000	    0.0000000000	    0.0000000000	    0.0000000000	    0.0000000000	    0.0000000000	    0.0000000000	    0.0000000000	    0.0000000000	    0.0000000000	    0.0000000000	    0.0000000000	    0.0000000000	    0.0000000000	    0.0000000000	    0.0000000000	    0.0000000000	    0.0000000000	    0.0000000000	    0.0000004290
195 	    0.0000000000	    0.0000000000	    0.0000000000	    0.0000000000	    0.0000000000	    0.0000000000	    0.0000000000	    0.0000000000	    0.0000000000	    0.0000000000	    0.0000000000	    0.0000000000	    0.0000000000	    0.0000000000	    0.0000000000	    0.0000000000	    0.0000000000	    0.0000000000	    0.0000000000	    0.0000000000	    0.0000000000	    0.0000000000	    0.0000000000	    0.0000004356
196 	    0.0000000000	    0.0000000000	    0.0000000000	    0.0000000000	    0.0000000000	    0.0000000000	    0.0000000000	    0.0000000000	    0.0000000000	    0.0000000000	    0.0000000000	    0.0000000000	    0.0000000000	    0.0000000000	    0.0000000000	    0.0000000000	    0.0000000000	    0.0000000000	    0.0000000000	    0.0000000000	    0.0000000000	    0.0000000000	    0.0000000000	    0.0000004423
197 	    0.0000000000	    0.0000000000	    0.0000000000	    0.0000000000	    0.0000000000	    0.0000000000	    0.0000000000	    0.0000000000	    0.0000000000	    0.0000000000	    0.0000000000	    0.0000000000	    0.0000000000	    0.0000000000	    0.0000000000	    0.0000000000	    0.0000000000	    0.0000000000	    0.0000000000	    0.0000000000	    0.0000000000	    0.0000000000	    0.0000000000	    0.0000004492
198 	    0.0000000000	    0.0000000000	    0.0000000000	    0.0000000000	    0.0000000000	    0.0000000000	    0.0000000000	    0.0000000000	    0.0000000000	    0.0000000000	    0.0000000000	    0.0000000000	    0.0000000000	    0.0000000000	    0.0000000000	    0.0000000000	    0.0000000000	    0.0000000000	    0.0000000000	    0.0000000000	    0.0000000000	    0.0000000000	    0.0000000000	    0.0000004545
199 	    0.0000000000	    0.0000000000	    0.0000000000	    0.0000000000	    0.0000000000	    0.0000000000	    0.0000000000	    0.0000000000	    0.0000000000	    0.0000000000	    0.0000000000	    0.0000000000	    0.0000000000	    0.0000000000	    0.0000000000	    0.0000000000	    0.0000000000	    0.0000000000	    0.0000000000	    0.0000000000	    0.0000000000	    0.0000000000	    0.0000000000	    0.0000008075
200 	    0.0000000000	    0.0000000000	    0.0000000000	    0.0000000000	    0.0000000000	    0.0000000000	    0.0000000000	    0.0000000000	    0.0000000000	    0.0000000000	    0.0000000000	    0.0000000000	    0.0000000000	    0.0000000000	    0.0000000000	    0.0000000000	    0.0000000000	    0.0000000000	    0.0000000000	    0.0000000000	    0.0000000000	    0.0000000000	    0.0000000000	    0.0000000000
